.014450
.014167
.015445
.018541
.019851
.025355
.034095
.039451
.044311
0.048636
0.053323
0.062890
0.073089
0.085319
0.094284
0.103648
0.111208
0.116669
0.124872
0.134008
0.144211
0.160597
0.175776
0.196741
0.218552
0.232774
0.239923
0.239507
0.236065
0.236826
0.236564
0.238756
0.241582
0.242881
0.248916
0.256236
0.265340
0.279984
0.292496
0.301650
0.315595
0.326059
0.343159
0.360027
0.385832
0.403581
0.419329
0.428751
0.434435
0.437468
0.435648
0.424849
0.413795
0.381493
0.340973
0.291664
0.245948
0.213800
0.188778
0.167631
0.148075
0.132298
0.120222
0.109491
0.100140
0.090143
0.081350
0.071791
0.063272
0.057046
0.050868
0.046136
0.042467
0.038824
0.035467
0.032720
0.029225
0.024950
0.022375
0.021519